2015-01-01,382014,62943,58045,39,27,33, ,0,M,0.0,0.00,7.1	
2015-01-02,345296,43410,40287,42,35,39, ,0,M,0.0,0.00,7.1	
2015-01-03,406769,53866,59844,42,33,38,RA SN BR,0,M,  T,0.71,6.4	
2015-01-04,328848,41602,41943,56,41,49,RA BR,0,M,0.0,0.30,6.4	
2015-01-05,363454,41923,43678,49,21,35, ,0,M,0.0,0.00,10.5	
2015-01-06,384324,40646,53539,22,19,21,SN HZ,0,M,1.0,0.05,4.1	
2015-01-07,429653,47802,63375,23,9,16, ,1,M,0.0,0.00,12.7	
2015-01-08,450920,47791,73016,21,8,15, ,  T,M,0.0,0.00,8.8	
2015-01-09,447947,53591,72124,33,19,26,SN HZ,  T,M,1.5,0.07,8.8	
2015-01-10,515540,64340,80656,23,16,20, ,1,M,0.0,0.00,8.1	
2015-01-11,419629,50359,58751,37,18,28, ,1,M,0.0,0.00,6.0	
2015-01-12,396367,40867,58991,39,35,37,RA BR UP,  T,M,  T,0.36,3.9	
2015-01-13,448517,45229,64765,36,17,27, ,0,M,0.0,0.00,8.6	
2015-01-14,442656,44394,64725,32,16,24, ,0,M,0.0,0.00,6.2	
2015-01-15,451186,47962,68211,35,25,30, ,0,M,0.0,0.00,4.7	
2015-01-16,478124,59926,74193,43,20,32,HZ,0,M,0.0,0.00,9.8	
2015-01-17,476827,64628,75364,32,17,25, ,0,M,0.0,0.00,6.1	
2015-01-18,427042,55068,74523,42,31,37,RA FG+ FG BR,0,M,0.0,2.10,3.9	
2015-01-19,342795,35777,47025,42,36,39, ,0,M,0.0,0.00,7.6	
2015-01-20,405581,40914,55867,40,32,36, ,0,M,0.0,0.00,5.7	
2015-01-21,431486,43276,60383,36,25,31, ,0,M,0.0,0.00,4.3	
2015-01-22,452108,46260,66819,40,31,36,HZ,0,M,0.0,0.00,5.5	
2015-01-23,472440,54857,73363,39,28,34,SN,0,M,0.0,0.00,5.6	
2015-01-24,460505,58631,82588,39,33,36,RA SN FG BR UP HZ,3,M,3.6,0.72,6.0	
2015-01-25,407579,52950,59382,42,31,37, ,2,M,0.0,0.00,6.3	
2015-01-26,230255,29869,44310,31,22,27,SN FG+ FZFG HZ,2,M,5.5,0.48,12.8	
2015-01-27,135500,15406,25954,30,20,25,SN HZ,8,M,4.3,0.36,8.3	
2015-01-28,380192,42508,61626,34,16,25, ,8,M,0.0,0.00,7.7	
2015-01-29,431985,47965,70441,36,19,28,SN BR,6,M,  T,0.02,3.9	
2015-01-30,483380,62944,85565,38,19,29,SN HZ,7,M,1.0,0.06,10.6	
2015-01-31,520067,70797,94448,26,13,20, ,7,M,0.0,0.00,12.2	
2015-02-01,0,0,78592,26,13,20, ,7,M,0.0,0.00,12.2	
2015-02-02,0,0,70193,26,13,20, ,7,M,0.0,0.00,12.2	
2015-02-03,0,0,71532,26,13,20, ,7,M,0.0,0.00,12.2	
2015-02-04,0,0,68237,26,13,20, ,7,M,0.0,0.00,12.2	
2015-02-05,0,0,82336,26,13,20, ,7,M,0.0,0.00,12.2	
2015-02-06,0,0,87568,26,13,20, ,7,M,0.0,0.00,12.2	
2015-02-07,0,0,82752,26,13,20, ,7,M,0.0,0.00,12.2	
2015-02-08,0,0,64327,26,13,20, ,7,M,0.0,0.00,12.2	
2015-02-09,0,0,63306,26,13,20, ,7,M,0.0,0.00,12.2	
2015-02-10,0,0,66197,26,13,20, ,7,M,0.0,0.00,12.2	
2015-02-11,0,0,73742,26,13,20, ,7,M,0.0,0.00,12.2	
2015-02-12,0,0,84751,26,13,20, ,7,M,0.0,0.00,12.2	
2015-02-13,0,0,99897,26,13,20, ,7,M,0.0,0.00,12.2	
2015-02-14,0,0,102347,26,13,20, ,7,M,0.0,0.00,12.2	
2015-02-15,0,0,91320,26,13,20, ,7,M,0.0,0.00,12.2	
2015-02-16,0,0,73672,26,13,20, ,7,M,0.0,0.00,12.2	
2015-02-17,0,0,74221,26,13,20, ,7,M,0.0,0.00,12.2	
2015-02-18,0,0,73493,26,13,20, ,7,M,0.0,0.00,12.2	
2015-02-19,0,0,90271,26,13,20, ,7,M,0.0,0.00,12.2	
2015-02-20,0,0,102762,26,13,20, ,7,M,0.0,0.00,12.2	
2015-02-21,0,0,100481,26,13,20, ,7,M,0.0,0.00,12.2	
2015-02-22,0,0,67844,26,13,20, ,7,M,0.0,0.00,12.2	
2015-02-23,0,0,72494,26,13,20, ,7,M,0.0,0.00,12.2	
2015-02-24,0,0,80520,26,13,20, ,7,M,0.0,0.00,12.2	
2015-02-25,0,0,75992,26,13,20, ,7,M,0.0,0.00,12.2	
2015-02-26,0,0,84840,26,13,20, ,7,M,0.0,0.00,12.2	
2015-02-27,0,0,90217,26,13,20, ,7,M,0.0,0.00,12.2	
2015-02-28,0,0,89716,26,13,20, ,7,M,0.0,0.00,12.2	
2015-03-01,0,0,70839,26,13,20, ,7,M,0.0,0.00,12.2	
2015-03-02,0,0,57460,26,13,20, ,7,M,0.0,0.00,12.2	
2015-03-03,0,0,75048,26,13,20, ,7,M,0.0,0.00,12.2	
2015-03-04,0,0,71931,26,13,20, ,7,M,0.0,0.00,12.2	
2015-03-05,0,0,77446,26,13,20, ,7,M,0.0,0.00,12.2	
2015-03-06,0,0,83134,26,13,20, ,7,M,0.0,0.00,12.2	
2015-03-07,0,0,81468,26,13,20, ,7,M,0.0,0.00,12.2	
2015-03-08,0,0,61824,26,13,20, ,7,M,0.0,0.00,12.2	
2015-03-09,0,0,53920,26,13,20, ,7,M,0.0,0.00,12.2	
2015-03-10,0,0,72185,26,13,20, ,7,M,0.0,0.00,12.2	
2015-03-11,0,0,65315,26,13,20, ,7,M,0.0,0.00,12.2	
2015-03-12,0,0,74038,26,13,20, ,7,M,0.0,0.00,12.2	
2015-03-13,0,0,79272,26,13,20, ,7,M,0.0,0.00,12.2	
2015-03-14,0,0,90956,26,13,20, ,7,M,0.0,0.00,12.2	
2015-03-15,0,0,63421,26,13,20, ,7,M,0.0,0.00,12.2	
2015-03-16,0,0,54824,26,13,20, ,7,M,0.0,0.00,12.2	
2015-03-17,0,0,62886,26,13,20, ,7,M,0.0,0.00,12.2	
2015-03-18,0,0,70384,26,13,20, ,7,M,0.0,0.00,12.2	
2015-03-19,0,0,75839,26,13,20, ,7,M,0.0,0.00,12.2	
2015-03-20,0,0,95273,26,13,20, ,7,M,0.0,0.00,12.2	
2015-03-21,0,0,80745,26,13,20, ,7,M,0.0,0.00,12.2	
2015-03-22,0,0,69337,26,13,20, ,7,M,0.0,0.00,12.2	
2015-03-23,0,0,60498,26,13,20, ,7,M,0.0,0.00,12.2	
2015-03-24,0,0,64400,26,13,20, ,7,M,0.0,0.00,12.2	
2015-03-25,0,0,73953,26,13,20, ,7,M,0.0,0.00,12.2	
2015-03-26,0,0,78552,26,13,20, ,7,M,0.0,0.00,12.2	
2015-03-27,0,0,84977,26,13,20, ,7,M,0.0,0.00,12.2	
2015-03-28,0,0,92527,26,13,20, ,7,M,0.0,0.00,12.2	
2015-03-29,0,0,75648,26,13,20, ,7,M,0.0,0.00,12.2	
2015-03-30,0,0,62780,26,13,20, ,7,M,0.0,0.00,12.2	
2015-03-31,0,0,78893,26,13,20, ,7,M,0.0,0.00,12.2	
2015-04-01,0,0,69223,26,13,20, ,7,M,0.0,0.00,12.2	
2015-04-02,0,0,74069,26,13,20, ,7,M,0.0,0.00,12.2	
2015-04-03,0,0,75983,26,13,20, ,7,M,0.0,0.00,12.2	
2015-04-04,0,0,69189,26,13,20, ,7,M,0.0,0.00,12.2	
2015-04-05,0,0,58357,26,13,20, ,7,M,0.0,0.00,12.2	
2015-04-06,0,0,53565,26,13,20, ,7,M,0.0,0.00,12.2	
2015-04-07,0,0,68079,26,13,20, ,7,M,0.0,0.00,12.2	
2015-04-08,0,0,72023,26,13,20, ,7,M,0.0,0.00,12.2	
2015-04-09,0,0,77520,26,13,20, ,7,M,0.0,0.00,12.2	
2015-04-10,0,0,81439,26,13,20, ,7,M,0.0,0.00,12.2	
2015-04-11,0,0,82547,26,13,20, ,7,M,0.0,0.00,12.2	
2015-04-12,0,0,67726,26,13,20, ,7,M,0.0,0.00,12.2	
2015-04-13,0,0,56655,26,13,20, ,7,M,0.0,0.00,12.2	
2015-04-14,0,0,63393,26,13,20, ,7,M,0.0,0.00,12.2	
2015-04-15,0,0,66534,26,13,20, ,7,M,0.0,0.00,12.2	
2015-04-16,0,0,78808,26,13,20, ,7,M,0.0,0.00,12.2	
2015-04-17,0,0,83855,26,13,20, ,7,M,0.0,0.00,12.2	
2015-04-18,0,0,94196,26,13,20, ,7,M,0.0,0.00,12.2	
2015-04-19,0,0,78107,26,13,20, ,7,M,0.0,0.00,12.2	
2015-04-20,0,0,78076,26,13,20, ,7,M,0.0,0.00,12.2	
2015-04-21,0,0,68712,26,13,20, ,7,M,0.0,0.00,12.2	
2015-04-22,0,0,82124,26,13,20, ,7,M,0.0,0.00,12.2	
2015-04-23,0,0,92110,26,13,20, ,7,M,0.0,0.00,12.2	
2015-04-24,0,0,99688,26,13,20, ,7,M,0.0,0.00,12.2	
2015-04-25,0,0,106270,26,13,20, ,7,M,0.0,0.00,12.2	
2015-04-26,0,0,88673,26,13,20, ,7,M,0.0,0.00,12.2	
2015-04-27,0,0,64783,26,13,20, ,7,M,0.0,0.00,12.2	
2015-04-28,0,0,68863,26,13,20, ,7,M,0.0,0.00,12.2	
2015-04-29,0,0,75940,26,13,20, ,7,M,0.0,0.00,12.2	
2015-04-30,0,0,84330,26,13,20, ,7,M,0.0,0.00,12.2	
2015-05-01,0,0,92329,26,13,20, ,7,M,0.0,0.00,12.2	
2015-05-02,0,0,104978,26,13,20, ,7,M,0.0,0.00,12.2	
2015-05-03,0,0,80300,26,13,20, ,7,M,0.0,0.00,12.2	
2015-05-04,0,0,65447,26,13,20, ,7,M,0.0,0.00,12.2	
2015-05-05,0,0,76195,26,13,20, ,7,M,0.0,0.00,12.2	
2015-05-06,0,0,80447,26,13,20, ,7,M,0.0,0.00,12.2	
2015-05-07,0,0,87361,26,13,20, ,7,M,0.0,0.00,12.2	
2015-05-08,0,0,90733,26,13,20, ,7,M,0.0,0.00,12.2	
2015-05-09,0,0,98359,26,13,20, ,7,M,0.0,0.00,12.2	
2015-05-10,0,0,80146,26,13,20, ,7,M,0.0,0.00,12.2	
2015-05-11,0,0,70310,26,13,20, ,7,M,0.0,0.00,12.2	
2015-05-12,0,0,78437,26,13,20, ,7,M,0.0,0.00,12.2	
2015-05-13,0,0,84937,26,13,20, ,7,M,0.0,0.00,12.2	
2015-05-14,0,0,93624,26,13,20, ,7,M,0.0,0.00,12.2	
2015-05-15,0,0,99756,26,13,20, ,7,M,0.0,0.00,12.2	
2015-05-16,0,0,121557,26,13,20, ,7,M,0.0,0.00,12.2	
2015-05-17,0,0,94322,26,13,20, ,7,M,0.0,0.00,12.2	
2015-05-18,0,0,76414,26,13,20, ,7,M,0.0,0.00,12.2	
2015-05-19,0,0,85371,26,13,20, ,7,M,0.0,0.00,12.2	
2015-05-20,0,0,91062,26,13,20, ,7,M,0.0,0.00,12.2	
2015-05-21,0,0,95146,26,13,20, ,7,M,0.0,0.00,12.2	
2015-05-22,0,0,85771,26,13,20, ,7,M,0.0,0.00,12.2	
2015-05-23,0,0,78343,26,13,20, ,7,M,0.0,0.00,12.2	
2015-05-24,0,0,68328,26,13,20, ,7,M,0.0,0.00,12.2	
2015-05-25,0,0,59748,26,13,20, ,7,M,0.0,0.00,12.2	
2015-05-26,0,0,72820,26,13,20, ,7,M,0.0,0.00,12.2	
2015-05-27,0,0,88662,26,13,20, ,7,M,0.0,0.00,12.2	
2015-05-28,0,0,95074,26,13,20, ,7,M,0.0,0.00,12.2	
2015-05-29,0,0,98200,26,13,20, ,7,M,0.0,0.00,12.2	
2015-05-30,0,0,104429,26,13,20, ,7,M,0.0,0.00,12.2	
2015-05-31,0,0,96947,26,13,20, ,7,M,0.0,0.00,12.2	
2015-06-01,0,0,93499,26,13,20, ,7,M,0.0,0.00,12.2	
2015-06-02,0,0,97592,26,13,20, ,7,M,0.0,0.00,12.2	
2015-06-03,0,0,87206,26,13,20, ,7,M,0.0,0.00,12.2	
2015-06-04,0,0,95023,26,13,20, ,7,M,0.0,0.00,12.2	
2015-06-05,0,0,101922,26,13,20, ,7,M,0.0,0.00,12.2	
2015-06-06,0,0,101773,26,13,20, ,7,M,0.0,0.00,12.2	
2015-06-07,0,0,88876,26,13,20, ,7,M,0.0,0.00,12.2	
2015-06-08,0,0,76899,26,13,20, ,7,M,0.0,0.00,12.2	
2015-06-09,0,0,82463,26,13,20, ,7,M,0.0,0.00,12.2	
2015-06-10,0,0,87403,26,13,20, ,7,M,0.0,0.00,12.2	
2015-06-11,0,0,102013,26,13,20, ,7,M,0.0,0.00,12.2	
2015-06-12,0,0,103052,26,13,20, ,7,M,0.0,0.00,12.2	
2015-06-13,0,0,101170,26,13,20, ,7,M,0.0,0.00,12.2	
2015-06-14,0,0,90856,26,13,20, ,7,M,0.0,0.00,12.2	
2015-06-15,0,0,85857,26,13,20, ,7,M,0.0,0.00,12.2	
2015-06-16,0,0,89171,26,13,20, ,7,M,0.0,0.00,12.2	
2015-06-17,0,0,93706,26,13,20, ,7,M,0.0,0.00,12.2	
2015-06-18,0,0,99842,26,13,20, ,7,M,0.0,0.00,12.2	
2015-06-19,0,0,101703,26,13,20, ,7,M,0.0,0.00,12.2	
2015-06-20,0,0,101667,26,13,20, ,7,M,0.0,0.00,12.2	
2015-06-21,0,0,89285,26,13,20, ,7,M,0.0,0.00,12.2	
2015-06-22,0,0,75418,26,13,20, ,7,M,0.0,0.00,12.2	
2015-06-23,0,0,93172,26,13,20, ,7,M,0.0,0.00,12.2	
2015-06-24,0,0,91388,26,13,20, ,7,M,0.0,0.00,12.2	
2015-06-25,0,0,100073,26,13,20, ,7,M,0.0,0.00,12.2	
2015-06-26,0,0,99508,26,13,20, ,7,M,0.0,0.00,12.2	
2015-06-27,0,0,136193,26,13,20, ,7,M,0.0,0.00,12.2	
2015-06-28,0,0,93108,26,13,20, ,7,M,0.0,0.00,12.2	
2015-06-29,0,0,74430,26,13,20, ,7,M,0.0,0.00,12.2	
2015-06-30,0,0,82627,26,13,20, ,7,M,0.0,0.00,12.2	
