2015-07-01,6263662.99997,0,82,69,76,RA BR,0,M,0.0,0.39,4.3	
2015-07-02,6113334.93997,0,80,69,75, ,0,M,0.0,0.00,1.2	
2015-07-03,4546110.74998,0,82,66,74, ,0,M,0.0,0.00,2.8	
2015-07-04,3764834.08999,0,75,69,72,RA,0,M,0.0,  T,3.3	
2015-07-05,4514497.52998,0,83,68,76, ,0,M,0.0,0.00,1.5	
2015-07-06,5128647.58998,0,83,72,78,HZ,0,M,0.0,0.00,3.0	
2015-07-07,5835327.82998,0,88,75,82,BR,0,M,0.0,0.12,4.8	
2015-07-08,6205252.47997,0,88,77,83,HZ,0,M,0.0,  T,3.2	
2015-07-09,6508894.02997,0,79,68,74,RA BR HZ,0,M,0.0,0.30,4.6	
2015-07-10,6480480.12997,0,84,72,78, ,0,M,0.0,0.00,4.6	
2015-07-11,6081711.83997,0,88,69,79, ,0,M,0.0,0.00,2.4	
2015-07-12,5806946.78998,0,89,72,81, ,0,M,0.0,0.00,2.0	
2015-07-13,5688034.06998,0,88,73,81, ,0,M,0.0,0.00,2.7	
2015-07-14,6192781.73997,0,82,73,78,RA BR,0,M,0.0,0.42,2.6	
2015-07-15,6651460.03997,0,81,72,77,RA BR HZ,0,M,0.0,0.12,4.4	
2015-07-16,6786878.79997,0,80,64,72, ,0,M,0.0,0.00,5.6	
2015-07-17,6098495.76998,0,81,67,74, ,0,M,0.0,0.00,3.8	
2015-07-18,6103825.77997,0,85,71,78,RA FG BR,0,M,0.0,0.32,4.4	
2015-07-19,6231862.91997,0,93,78,86, ,0,M,0.0,0.00,3.2	
2015-07-20,6085253.86997,0,94,82,88, ,0,M,0.0,0.00,4.5	
2015-07-21,6154403.42998,0,89,74,82, ,0,M,0.0,  T,2.5	
2015-07-22,6562893.49997,0,85,69,77, ,0,M,0.0,0.00,5.8	
2015-07-23,6735671.41997,0,86,68,77, ,0,M,0.0,0.00,3.7	
2015-07-24,6618900.49997,0,87,70,79, ,0,M,0.0,0.00,2.1	
2015-07-25,5960344.03997,0,88,69,79, ,0,M,0.0,0.00,3.2	
2015-07-26,5604274.07998,0,90,74,82, ,0,M,0.0,  T,4.5	
2015-07-27,5723641.54998,0,86,71,79,BR,0,M,0.0,0.36,3.0	
2015-07-28,6133656.77998,0,95,75,85,HZ,0,M,0.0,0.00,2.6	
2015-07-29,6528858.94997,0,96,78,87, ,0,M,0.0,0.00,3.8	
2015-07-30,6621121.74997,0,87,76,82,RA FG BR HZ,0,M,0.0,1.95,4.3	
2015-07-31,6906668.64997,0,89,72,81,HZ,0,M,0.0,0.00,3.3	
