2015-06-01,6694865.77997,735324.88,58,51,55,RA BR,0,M,0.0,0.72,10.3	
2015-06-02,6955150.08997,723308.13,55,50,53,RA BR,0,M,0.0,0.37,6.2	
2015-06-03,7064858.07997,751853.97,70,52,61, ,0,M,0.0,0.00,4.6	
2015-06-04,7491944.45997,797892.34,65,54,60, ,0,M,0.0,0.00,5.2	
2015-06-05,7489755.87997,975004.360001,70,55,63,RA BR HZ,0,M,0.0,0.13,2.9	
2015-06-06,6802506.49997,1129429.25,76,60,68,RA BR,0,M,0.0,0.19,4.6	
2015-06-07,6637728.44997,993741.340001,74,55,65, ,0,M,0.0,0.00,3.9	
2015-06-08,6483155.61997,669287.82,79,63,71,RA,0,M,0.0,0.06,6.0	
2015-06-09,6696308.37997,676536.44,83,68,76,RA,0,M,0.0,0.01,4.8	
2015-06-10,7044569.01997,719915.51,82,65,74, ,0,M,0.0,0.00,3.2	
2015-06-11,7385275.67997,812731.97,89,72,81,HZ,0,M,0.0,0.00,4.5	
2015-06-12,7290650.11997,952428.170001,88,73,81,HZ,0,M,0.0,0.00,4.5	
2015-06-13,6501752.80997,1061106.19,86,72,79, ,0,M,0.0,0.00,5.4	
2015-06-14,6187207.08997,949728.730001,88,66,77,RA BR,0,M,0.0,0.36,2.6	
2015-06-15,6203660.52998,680053.9,83,64,74,RA BR HZ,0,M,0.0,0.57,4.6	
2015-06-16,6588245.71997,676585.55,79,65,72,RA BR HZ,0,M,0.0,0.27,2.2	
2015-06-17,7110165.41997,724931.08,82,66,74,RA HZ,0,M,0.0,  T,3.8	
2015-06-18,7151927.59997,755419.19,71,64,68, ,0,M,0.0,0.00,3.5	
2015-06-19,7138702.32997,902082.890001,87,68,78, ,0,M,0.0,0.00,3.7	
2015-06-20,6270927.08997,1004595.85,75,64,70,RA BR HZ,0,M,0.0,  T,5.4	
2015-06-21,5861155.47998,892226.670001,88,71,80,RA BR,0,M,0.0,0.64,4.5	
2015-06-22,6184753.12997,649909.24,87,70,79, ,0,M,0.0,0.00,4.9	
2015-06-23,6480583.51997,701281.75,90,75,83, ,0,M,0.0,0.02,5.9	
2015-06-24,6875639.20997,726138.73,84,68,76, ,0,M,0.0,0.00,4.6	
2015-06-25,7110851.25997,786266.89,83,65,74, ,0,M,0.0,0.00,3.1	
2015-06-26,7411531.92997,898328.650001,81,69,75, ,0,M,0.0,0.00,4.5	
2015-06-27,6998621.26997,1094858.6,71,58,65,RA BR,0,M,0.0,1.12,7.4	
2015-06-28,5841809.52998,813147.32,73,62,68,RA BR,0,M,0.0,0.29,5.3	
2015-06-29,5889881.31998,616354.19,76,63,70, ,0,M,0.0,0.00,4.8	
2015-06-30,6016908.14997,644654.77,82,68,75,BR,0,M,0.0,0.04,4.9	
