2015-12-01,6282056.92998,0,51,44,48,RA,0,M,0.0,0.33,6.6	
2015-12-02,6418632.31998,0,57,46,52,RA,0,M,0.0,0.14,2.9	
2015-12-03,7106004.51997,0,55,44,50, ,0,M,0.0,  T,8.4	
2015-12-04,7267784.06997,0,51,42,47, ,0,M,0.0,0.00,4.3	
2015-12-05,6899613.22997,0,51,40,46, ,0,M,0.0,0.00,2.2	
2015-12-06,6422098.20997,0,53,39,46, ,0,M,0.0,0.00,3.3	
2015-12-07,6193959.13998,0,54,42,48, ,0,M,0.0,0.00,3.8	
2015-12-08,6500412.81997,0,49,41,45, ,0,M,0.0,0.00,4.5	
2015-12-09,6798428.51997,0,55,40,48, ,0,M,0.0,0.00,4.2	
2015-12-10,7181766.87997,0,60,51,56, ,0,M,0.0,  T,4.3	
2015-12-11,7450618.23997,0,61,50,56, ,0,M,0.0,0.00,4.7	
2015-12-12,7034241.71997,0,66,55,61,HZ,0,M,0.0,  T,2.0	
2015-12-13,6285932.28997,0,67,55,61,HZ,0,M,0.0,0.00,3.4	
2015-12-14,5945050.82998,0,67,53,60,RA BR HZ,0,M,0.0,0.33,4.6	
2015-12-15,6515417.70997,0,68,53,61, ,0,M,0.0,0.09,10.4	
2015-12-16,6901127.04997,0,53,46,50,RA,0,M,0.0,0.04,5.3	
2015-12-17,7172228.10997,0,59,50,55,RA BR HZ,0,M,0.0,1.21,4.9	
2015-12-18,7610471.56997,0,57,38,48,RA,0,M,0.0,  T,6.8	
2015-12-19,6978772.05997,0,40,35,38, ,0,M,0.0,0.00,9.3	
2015-12-20,5893763.80998,0,43,34,39, ,0,M,0.0,0.00,6.0	
2015-12-21,5366809.28998,0,56,39,48, ,0,M,0.0,0.00,7.2	
2015-12-22,5604358.28998,0,62,53,58,RA BR HZ,0,M,0.0,0.19,4.8	
2015-12-23,5412983.49998,0,64,52,58,RA BR HZ,0,M,0.0,1.55,3.6	
2015-12-24,4369926.16998,0,72,63,68,RA BR HZ,0,M,0.0,0.01,4.4	
2015-12-25,2942138.48,0,66,57,62,RA BR HZ,0,M,0.0,0.01,0.8	
2015-12-26,3658549.27999,0,59,47,53,RA BR,0,M,0.0,  T,8.0	
2015-12-27,6097129.24998,0,61,46,54,RA BR,0,M,0.0,0.12,5.7	
2015-12-28,4771573.93998,0,46,34,40,RA UP HZ,0,M,  T,0.03,8.3	
2015-12-29,4851444.65998,0,46,34,40,RA BR UP,0,M,  T,0.45,7.0	
2015-12-30,5264496.84998,0,48,38,43,RA BR HZ,0,M,0.0,0.19,4.1	
2015-12-31,4992186.15998,0,48,42,45, ,0,M,0.0,0.03,5.4	
