2015-11-01,6532054.20997,0,65,54,60, ,0,M,0.0,0.00,5.0	
2015-11-02,5978360.32998,0,63,54,59, ,0,M,0.0,0.00,2.1	
2015-11-03,5961481.24998,0,72,48,60, ,0,M,0.0,0.00,2.5	
2015-11-04,6412555.97998,0,70,56,63,BR,0,M,0.0,0.00,2.4	
2015-11-05,6911608.75997,0,71,56,64,BR HZ,0,M,0.0,0.01,2.1	
2015-11-06,7064318.61997,0,74,66,70,BR,0,M,0.0,0.00,4.7	
2015-11-07,6752125.16997,0,72,53,63, ,0,M,0.0,0.00,4.4	
2015-11-08,6403027.38997,0,56,46,51, ,0,M,0.0,0.00,3.5	
2015-11-09,5919552.66998,0,59,43,51, ,0,M,0.0,0.00,2.0	
2015-11-10,6325193.17998,0,57,51,54,RA BR,0,M,0.0,0.26,9.9	
2015-11-11,6278038.12998,0,58,49,54,RA BR,0,M,0.0,0.43,4.8	
2015-11-12,6916876.62997,0,61,51,56,BR HZ,0,M,0.0,0.01,5.5	
2015-11-13,7121724.06997,0,58,46,52, ,0,M,0.0,0.00,10.8	
2015-11-14,6837798.58997,0,49,42,46, ,0,M,0.0,0.00,7.8	
2015-11-15,6293107.82998,0,58,39,49, ,0,M,0.0,0.00,4.7	
2015-11-16,5893326.25998,0,67,51,59, ,0,M,0.0,0.00,4.1	
2015-11-17,6347019.10997,0,52,40,46, ,0,M,0.0,0.00,6.2	
2015-11-18,6612807.47997,0,58,46,52, ,0,M,0.0,0.00,5.2	
2015-11-19,6840672.64997,0,64,57,61,RA BR,0,M,0.0,1.25,5.6	
2015-11-20,7271912.90997,0,64,46,55, ,0,M,0.0,0.00,5.8	
2015-11-21,6630435.78997,0,53,42,48, ,0,M,0.0,0.00,6.4	
2015-11-22,5850649.64998,0,55,42,49, ,0,M,0.0,0.03,6.3	
2015-11-23,5672519.41998,0,44,33,39, ,0,M,0.0,0.00,5.7	
2015-11-24,6137485.03998,0,46,32,39, ,0,M,0.0,0.00,3.9	
2015-11-25,5970745.04998,0,50,36,43, ,0,M,0.0,0.00,2.7	
2015-11-26,3709637.05999,0,60,41,51, ,0,M,0.0,0.00,3.0	
2015-11-27,3937254.58999,0,64,51,58,BR,0,M,0.0,0.00,3.9	
2015-11-28,5196813.66998,0,64,45,55, ,0,M,0.0,0.02,M	
2015-11-29,5498136.81998,0,49,38,44, ,0,M,0.0,0.00,M	
2015-11-30,5882116.19998,0,47,33,40, ,0,M,0.0,0.00,5.6	
