2015-01-01,0,39,27,33, ,0,M,0.0,0.00,7.1	
2015-01-02,0,42,35,39, ,0,M,0.0,0.00,7.1	
2015-01-03,0,42,33,38,RA SN BR,0,M,  T,0.71,6.4	
2015-01-04,0,56,41,49,RA BR,0,M,0.0,0.30,6.4	
2015-01-05,0,49,21,35, ,0,M,0.0,0.00,10.5	
2015-01-06,0,22,19,21,SN HZ,0,M,1.0,0.05,4.1	
2015-01-07,0,23,9,16, ,1,M,0.0,0.00,12.7	
2015-01-08,0,21,8,15, ,  T,M,0.0,0.00,8.8	
2015-01-09,0,33,19,26,SN HZ,  T,M,1.5,0.07,8.8	
2015-01-10,237.43,23,16,20, ,1,M,0.0,0.00,8.1	
2015-01-11,0,37,18,28, ,1,M,0.0,0.00,6.0	
2015-01-12,0,39,35,37,RA BR UP,  T,M,  T,0.36,3.9	
2015-01-13,0,36,17,27, ,0,M,0.0,0.00,8.6	
2015-01-14,0,32,16,24, ,0,M,0.0,0.00,6.2	
2015-01-15,182.96,35,25,30, ,0,M,0.0,0.00,4.7	
2015-01-16,0,43,20,32,HZ,0,M,0.0,0.00,9.8	
2015-01-17,0,32,17,25, ,0,M,0.0,0.00,6.1	
2015-01-18,0,42,31,37,RA FG+ FG BR,0,M,0.0,2.10,3.9	
2015-01-19,0,42,36,39, ,0,M,0.0,0.00,7.6	
2015-01-20,0,40,32,36, ,0,M,0.0,0.00,5.7	
2015-01-21,0,36,25,31, ,0,M,0.0,0.00,4.3	
2015-01-22,0,40,31,36,HZ,0,M,0.0,0.00,5.5	
2015-01-23,0,39,28,34,SN,0,M,0.0,0.00,5.6	
2015-01-24,0,39,33,36,RA SN FG BR UP HZ,3,M,3.6,0.72,6.0	
2015-01-25,0,42,31,37, ,2,M,0.0,0.00,6.3	
2015-01-26,0,31,22,27,SN FG+ FZFG HZ,2,M,5.5,0.48,12.8	
2015-01-27,0,30,20,25,SN HZ,8,M,4.3,0.36,8.3	
2015-01-28,0,34,16,25, ,8,M,0.0,0.00,7.7	
2015-01-29,0,36,19,28,SN BR,6,M,  T,0.02,3.9	
2015-01-30,0,38,19,29,SN HZ,7,M,1.0,0.06,10.6	
2015-01-31,0,26,13,20, ,7,M,0.0,0.00,12.2	
